0 0.12022471910112359 0.38146167557932265 0.0696629213483146 0.053475935828877004
0 0.2932584269662921 0.3698752228163993 0.1101123595505618 0.0659536541889483
0 0.4764044943820225 0.3520499108734403 0.1662921348314607 0.10160427807486631
0 0.7 0.3484848484848485 0.12359550561797752 0.09090909090909091
0 0.8887640449438202 0.3966131907308378 0.22247191011235956 0.25133689839572193
0 0.18089887640449437 0.5588235294117647 0.0651685393258427 0.08021390374331551
0 0.37640449438202245 0.5650623885918004 0.060674157303370786 0.09982174688057041
0 0.3044943820224719 0.6497326203208557 0.07865168539325842 0.05169340463458111
0 0.37191011235955057 0.7655971479500892 0.07415730337078652 0.062388591800356503
0 0.7865168539325843 0.785204991087344 0.4044943820224719 0.06951871657754011
0 0.5337078651685393 0.6372549019607843 0.1146067415730337 0.0766488413547237
0 0.6134831460674157 0.5320855614973262 0.04044943820224719 0.17647058823529413
